2 125.552 
3 100.014 
4 91.3682 
5 170.492 
6 217.412 
7 99.6189 
8 29.6301 
9 106.024 
10 219.735 
11 171.76 
12 23.9188 
13 -19.2832 
14 69.9064 
15 215.207 
16 307.187 
17 319.126 
18 262.087 
19 162.916 
20 66.8263 
21 25.8886 
22 48.6178 
23 124.386 
24 233.93 
25 348.277 
26 435.688 
27 489.606 
28 512.754 
29 510.572 
30 491.507 
31 464.999 
32 433.646 
33 398.215 
34 359.689 
35 319.28 
36 278.44 
37 238.88 
38 202.58 
39 171.806 
40 149.123 
41 136.869 
42 135.323 
43 143.969 
44 161.954 
45 188.074 
46 220.744 
47 257.976 
48 297.357 
49 336.024 
50 370.64 
51 398.155 
52 418.37 
53 432.017 
54 440.044 
55 443.631 
56 444.198 
57 443.419 
58 443.235 
59 445.862 
60 453.806 
61 469.186 
62 491.496 
63 519.357 
64 551.154 
65 585.029 
66 618.862 
67 650.271 
68 676.594 
69 694.886 
70 701.901 
71 694.956 
72 674.706 
73 642.89 
74 601.526 
75 552.917 
76 499.663 
77 444.674 
78 391.176 
79 342.724 
80 303.211 
81 276.142 
82 262.288 
83 261.647 
84 274.141 
85 299.612 
86 337.823 
87 388.45 
88 451.082 
89 525.216 
90 610.258 
91 705.329 
92 808.683 
93 918.194 
94 1031.53 
95 1146.15 
96 1259.28 
97 1367.95 
98 1468.92 
99 1558.76 
100 1633.77 
101 1690.8 
102 1729.72 
103 1751.31 
104 1756.45 
105 1746.16 
106 1721.57 
107 1683.98 
108 1634.81 
109 1575.61 
110 1508.09 
111 1434.12 
112 1355.7 
113 1275 
114 1194.34 
115 1116.22 
116 1043.3 
117 978.389 
118 924.5 
119 884.81 
120 862.678 
121 860.821 
122 878.732 
123 914.964 
124 967.93 
125 1035.9 
126 1116.98 
127 1209.15 
128 1310.22 
129 1417.85 
130 1529.51 
131 1642.55 
132 1754.13 
133 1861.23 
134 1960.67 
135 2049.09 
136 2122.96 
137 2178.53 
138 2211.92 
139 2219 
140 2195.49 
141 2138.26 
142 2049.58 
143 1933.3 
144 1793.54 
145 1634.7 
146 1461.46 
147 1278.78 
148 1091.89 
149 906.352 
150 727.996 
151 562.967 
152 417.718 
153 299.015 
154 213.941 
155 169.903 
156 174.638 
157 236.215 
158 363.042 
159 563.868 
160 847.794 
161 1221.54 
162 1680.99 
163 2218.9 
164 2827.58 
165 3498.85 
166 4224.06 
167 4994.07 
168 5799.25 
169 6629.46 
170 7474.06 
171 8321.9 
172 9161.27 
173 9979.98 
174 10765.3 
175 11503.8 
176 12181.7 
177 12784.7 
178 13297.6 
179 13704.9 
180 13990.5 
181 14141.6 
182 14160.8 
183 14055.3 
184 13832.4 
185 13500.1 
186 13066.8 
187 12541.3 
188 11932.9 
189 11251.6 
190 10507.6 
191 9711.65 
192 8875.14 
193 8009.88 
194 7128.21 
195 6242.98 
196 5367.61 
197 4516.02 
198 3702.69 
199 2942.65 
200 2251.49 
201 1642.2 
202 1115.35 
203 668.225 
204 297.925 
205 1.35697 
206 -224.763 
207 -383.914 
208 -479.771 
209 -516.21 
210 -497.31 
211 -427.353 
212 -310.831 
213 -152.444 
214 42.893 
215 270.05 
216 523.68 
217 798.214 
218 1087.86 
219 1386.6 
220 1688.18 
221 1986.13 
222 2273.74 
223 2544.05 
224 2789.88 
225 3003.79 
226 3179.68 
227 3317.49 
228 3418.8 
229 3485.27 
230 3518.62 
231 3520.69 
232 3493.38 
233 3438.69 
234 3358.7 
235 3255.59 
236 3131.61 
237 2989.11 
238 2830.55 
239 2658.47 
240 2475.48 
241 2284.33 
242 2087.84 
243 1888.92 
244 1690.59 
245 1495.97 
246 1308.28 
247 1130.84 
248 967.064 
249 820.48 
250 694.713 
251 592.726 
252 514.447 
253 459.008 
254 425.494 
255 412.951 
256 420.384 
257 446.752 
258 490.971 
259 551.916 
260 628.415 
261 719.251 
262 823.165 
263 938.848 
264 1064.95 
265 1200.06 
266 1342.75 
267 1491.52 
268 1644.82 
269 1801.06 
270 1958.61 
271 2115.78 
272 2270.82 
273 2421.96 
274 2567.34 
275 2705.09 
276 2833.6 
277 2952.7 
278 3062.55 
279 3163.31 
280 3255.19 
281 3338.36 
282 3413.04 
283 3479.44 
284 3537.79 
285 3588.32 
286 3631.28 
287 3666.92 
288 3695.52 
289 3717.35 
290 3732.7 
291 3741.87 
292 3745.16 
293 3742.92 
294 3735.45 
295 3723.12 
296 3706.27 
297 3685.28 
298 3660.52 
299 3632.38 
300 3601.27 
301 3567.54 
302 3531.3 
303 3492.59 
304 3451.48 
305 3408.03 
306 3362.27 
307 3314.29 
308 3264.14 
309 3211.88 
310 3157.58 
311 3101.31 
312 3043.15 
313 2983.16 
314 2921.42 
315 2858.01 
316 2793.02 
317 2726.52 
318 2658.6 
319 2589.36 
320 2518.87 
321 2447.24 
322 2374.56 
323 2300.92 
324 2226.44 
325 2151.21 
326 2075.33 
327 1998.93 
328 1922.11 
329 1844.98 
330 1767.66 
331 1690.27 
332 1612.94 
333 1535.78 
334 1458.93 
335 1382.51 
336 1306.67 
337 1231.53 
338 1157.23 
339 1083.93 
340 1011.75 
341 940.854 
342 871.388 
343 803.506 
344 737.365 
345 673.123 
346 610.944 
347 550.993 
348 493.439 
349 438.453 
350 386.211 
351 336.854 
352 290.387 
353 246.776 
354 205.985 
355 167.979 
356 132.719 
357 100.164 
358 70.273 
359 43.002 
360 18.3055 
361 -3.8637 
362 -23.5548 
363 -40.8187 
364 -55.7083 
365 -68.2781 
366 -78.5848 
367 -86.6866 
368 -92.644 
369 -96.5192 
370 -98.3764 
371 -98.2816 
372 -96.303 
373 -92.5106 
374 -86.9766 
375 -79.7748 
376 -70.9815 
377 -60.6747 
378 -48.9345 
379 -35.8433 
380 -21.4852 
381 -5.94676 
382 10.6836 
383 28.3153 
384 46.8556 
385 66.2095 
386 86.28 
387 106.968 
388 128.172 
389 149.788 
390 171.71 
391 193.831 
392 216.04 
393 238.225 
394 260.269 
395 282.058 
396 303.47 
397 324.384 
398 344.676 
399 364.219 
400 382.885 
401 400.567 
402 417.26 
403 432.981 
404 447.75 
405 461.587 
406 474.513 
407 486.55 
408 497.719 
409 508.043 
410 517.545 
411 526.249 
412 534.181 
413 541.364 
414 547.825 
415 553.591 
416 558.688 
417 563.145 
418 566.991 
419 570.254 
420 572.964 
421 575.153 
422 576.851 
423 578.091 
424 578.906 
425 579.328 
426 579.392 
427 579.133 
428 578.587 
429 577.79 
430 576.779 
431 575.592 
432 574.268 
433 572.845 
434 571.364 
435 569.866 
436 568.393 
437 566.986 
438 565.688 
439 564.545 
440 563.599 
441 562.898 
442 562.486 
443 562.411 
444 562.721 
445 563.465 
446 564.691 
447 566.45 
448 568.794 
449 571.773 
450 575.441 
451 579.837 
452 584.951 
453 590.757 
454 597.229 
455 604.342 
456 612.068 
457 620.379 
458 629.249 
459 638.647 
460 648.546 
461 658.915 
462 669.723 
463 680.94 
464 692.535 
465 704.475 
466 716.726 
467 729.257 
468 742.033 
469 755.019 
470 768.179 
471 781.479 
472 794.881 
473 808.349 
474 821.845 
475 835.329 
476 848.764 
477 862.11 
478 875.325 
479 888.37 
480 901.202 
481 913.779 
482 926.058 
483 937.996 
484 949.549 
485 960.67 
486 971.316 
487 981.438 
488 990.991 
489 999.927 
490 1008.2 
491 1015.75 
492 1022.54 
493 1028.52 
494 1033.63 
495 1037.82 
496 1041.04 
497 1043.23 
498 1044.35 
499 1044.34 
500 1043.13 
501 1040.7 
502 1037.05 
503 1032.22 
504 1026.24 
505 1019.13 
506 1010.93 
507 1001.68 
508 991.4 
509 980.133 
510 967.91 
511 954.768 
512 940.743 
513 925.872 
514 910.192 
515 893.742 
516 876.56 
517 858.685 
518 840.16 
519 821.023 
520 801.318 
521 781.086 
522 760.37 
523 739.215 
524 717.665 
525 695.765 
526 673.561 
527 651.1 
528 628.43 
529 605.598 
530 582.654 
531 559.648 
532 536.629 
533 513.649 
534 490.76 
535 468.015 
536 445.467 
537 423.17 
538 401.18 
539 379.552 
540 358.342 
541 337.608 
542 317.409 
543 297.803 
544 278.849 
545 260.608 
546 243.142 
547 226.513 
548 210.783 
549 196.016 
550 182.277 
551 169.617 
552 158.035 
553 147.514 
554 138.041 
555 129.597 
556 122.167 
557 115.733 
558 110.278 
559 105.785 
560 102.235 
561 99.6095 
562 97.8904 
563 97.0583 
564 97.0935 
565 97.976 
566 99.6855 
567 102.201 
568 105.503 
569 109.567 
570 114.374 
571 119.9 
572 126.123 
573 133.021 
574 140.568 
575 148.742 
576 157.519 
577 166.873 
578 176.78 
579 187.214 
580 198.149 
581 209.56 
582 221.419 
583 233.699 
584 246.373 
585 259.413 
586 272.79 
587 286.477 
588 300.442 
589 314.658 
590 329.094 
591 343.72 
592 358.504 
593 373.416 
594 388.423 
595 403.493 
596 418.595 
597 433.694 
598 448.757 
599 463.751 
600 478.641 
601 493.395 
602 507.997 
603 522.434 
604 536.69 
605 550.752 
606 564.607 
607 578.238 
608 591.634 
609 604.777 
610 617.654 
611 630.25 
612 642.549 
613 654.537 
614 666.197 
615 677.514 
616 688.472 
617 699.056 
618 709.249 
619 719.034 
620 728.396 
621 737.317 
622 745.781 
623 753.771 
624 761.269 
625 768.258 
626 774.722 
627 780.64 
628 785.997 
629 790.774 
630 794.953 
631 798.515 
632 801.442 
633 803.715 
634 805.314 
635 806.222 
636 806.418 
637 805.883 
638 804.598 
639 802.542 
640 799.695 
641 796.038 
642 791.55 
643 786.21 
644 779.997 
645 772.891 
646 764.871 
647 755.914 
648 746 
649 735.106 
650 723.212 
651 710.307 
652 696.433 
653 681.647 
654 666.005 
655 649.563 
656 632.38 
657 614.514 
658 596.024 
659 576.971 
660 557.416 
661 537.421 
662 517.047 
663 496.359 
664 475.42 
665 454.295 
666 433.05 
667 411.751 
668 390.466 
669 369.263 
670 348.21 
671 327.377 
672 306.836 
673 286.656 
674 266.91 
675 247.671 
676 229.013 
677 211.011 
678 193.74 
679 177.275 
680 161.695 
681 147.077 
682 133.5 
683 121.044 
684 109.789 
685 99.8156 
686 91.2071 
687 84.0461 
688 78.4166 
689 74.4033 
690 72.0917 
691 71.5685 
692 72.9209 
693 76.2371 
694 81.6064 
695 89.1186 
696 98.8646 
697 110.936 
698 125.426 
699 142.428 
700 162.036 
701 184.313 
702 209.195 
703 236.583 
704 266.378 
705 298.48 
706 332.785 
707 369.191 
708 407.593 
709 447.886 
710 489.961 
711 533.709 
712 579.022 
713 625.787 
714 673.893 
715 723.224 
716 773.665 
717 825.1 
718 877.41 
719 930.476 
720 984.177 
721 1038.39 
722 1092.99 
723 1147.86 
724 1202.86 
725 1257.88 
726 1312.77 
727 1367.41 
728 1421.67 
729 1475.42 
730 1528.51 
731 1580.81 
732 1632.19 
733 1682.51 
734 1731.62 
735 1779.38 
736 1825.65 
737 1870.29 
738 1913.14 
739 1954.06 
740 1992.9 
741 2029.51 
742 2063.74 
743 2095.43 
744 2124.42 
745 2150.57 
746 2173.71 
747 2193.68 
748 2210.31 
749 2223.46 
750 2232.95 
751 2238.66 
752 2240.64 
753 2239 
754 2233.83 
755 2225.24 
756 2213.32 
757 2198.19 
758 2179.95 
759 2158.7 
760 2134.55 
761 2107.62 
762 2078.01 
763 2045.84 
764 2011.22 
765 1974.26 
766 1935.08 
767 1893.8 
768 1850.54 
769 1805.42 
770 1758.55 
771 1710.06 
772 1660.09 
773 1608.74 
774 1556.15 
775 1502.45 
776 1447.77 
777 1392.23 
778 1335.98 
779 1279.14 
780 1221.86 
781 1164.26 
782 1106.49 
783 1048.68 
784 990.978 
785 933.528 
786 876.471 
787 819.953 
788 764.121 
789 709.124 
790 655.111 
791 602.233 
792 550.643 
793 500.496 
794 451.946 
795 405.152 
796 360.272 
797 317.465 
798 276.894 
799 238.722 
800 203.113 
801 170.195 
802 139.947 
803 112.307 
804 87.2139 
805 64.6062 
806 44.4205 
807 26.5931 
808 11.0597 
809 -2.24516 
810 -13.3874 
811 -22.4338 
812 -29.452 
813 -34.5103 
814 -37.6779 
815 -39.0247 
816 -38.6214 
817 -36.5396 
818 -32.8515 
819 -27.6303 
820 -20.9498 
821 -12.8848 
822 -3.51087 
823 7.09579 
824 18.858 
825 31.6978 
826 45.5365 
827 60.2944 
828 75.8912 
829 92.2456 
830 109.276 
831 126.898 
832 145.03 
833 163.586 
834 182.482 
835 201.63 
836 220.944 
837 240.336 
838 259.717 
839 278.998 
840 298.088 
841 316.896 
842 335.33 
843 353.296 
844 370.701 
845 387.45 
846 403.448 
847 418.598 
848 432.803 
849 445.964 
850 457.983 
851 468.781 
852 478.364 
853 486.763 
854 494.006 
855 500.123 
856 505.143 
857 509.097 
858 512.015 
859 513.929 
860 514.868 
861 514.866 
862 513.953 
863 512.163 
864 509.527 
865 506.079 
866 501.851 
867 496.878 
868 491.193 
869 484.831 
870 477.826 
871 470.214 
872 462.029 
873 453.308 
874 444.086 
875 434.4 
876 424.286 
877 413.782 
878 402.926 
879 391.754 
880 380.306 
881 368.619 
882 356.733 
883 344.688 
884 332.522 
885 320.275 
886 307.989 
887 295.703 
888 283.46 
889 271.299 
890 259.264 
891 247.397 
892 235.739 
893 224.335 
894 213.226 
895 202.458 
896 192.074 
897 182.118 
898 172.636 
899 163.673 
900 155.274 
901 147.475 
902 140.274 
903 133.658 
904 127.613 
905 122.128 
906 117.188 
907 112.781 
908 108.892 
909 105.509 
910 102.617 
911 100.203 
912 98.2524 
913 96.7514 
914 95.6854 
915 95.0401 
916 94.8008 
917 94.9527 
918 95.4809 
919 96.3704 
920 97.606 
921 99.1723 
922 101.054 
923 103.235 
924 105.7 
925 108.432 
926 111.417 
927 114.637 
928 118.075 
929 121.717 
930 125.544 
931 129.541 
932 133.689 
933 137.972 
934 142.373 
935 146.873 
936 151.456 
937 156.104 
938 160.799 
939 165.522 
940 170.255 
941 174.981 
942 179.68 
943 184.334 
944 188.924 
945 193.431 
946 197.836 
947 202.119 
948 206.26 
949 210.242 
950 214.042 
951 217.647 
952 221.057 
953 224.28 
954 227.321 
955 230.188 
956 232.887 
957 235.425 
958 237.808 
959 240.043 
960 242.137 
961 244.098 
962 245.932 
963 247.646 
964 249.247 
965 250.742 
966 252.14 
967 253.446 
968 254.669 
969 255.816 
970 256.895 
971 257.912 
972 258.876 
973 259.795 
974 260.676 
975 261.526 
976 262.355 
977 263.17 
978 263.978 
979 264.789 
980 265.61 
981 266.45 
982 267.316 
983 268.217 
984 269.163 
985 270.16 
986 271.218 
987 272.346 
988 273.551 
989 274.844 
990 276.232 
991 277.725 
992 279.331 
993 281.06 
994 282.922 
995 284.924 
996 287.076 
997 289.388 
998 291.869 
999 294.529 
1000 297.377 
1001 300.419 
1002 303.648 
1003 307.054 
1004 310.627 
1005 314.354 
1006 318.227 
1007 322.233 
1008 326.362 
1009 330.604 
1010 334.945 
1011 339.377 
1012 343.886 
1013 348.462 
1014 353.093 
1015 357.769 
1016 362.475 
1017 367.203 
1018 371.938 
1019 376.67 
1020 381.386 
1021 386.074 
1022 390.722 
1023 395.317 
1024 399.847 
1025 404.3 
1026 408.663 
1027 412.923 
1028 417.067 
1029 421.082 
1030 424.956 
1031 428.675 
1032 432.226 
1033 435.596 
1034 438.771 
1035 441.738 
1036 444.484 
1037 446.993 
1038 449.254 
1039 451.251 
1040 452.971 
1041 454.4 
1042 455.523 
1043 456.327 
1044 456.797 
1045 456.918 
1046 456.675 
1047 456.055 
1048 455.042 
1049 453.622 
1050 451.779 
1051 449.503 
1052 446.803 
1053 443.694 
1054 440.189 
1055 436.302 
1056 432.048 
1057 427.44 
1058 422.495 
1059 417.226 
1060 411.647 
1061 405.775 
1062 399.624 
1063 393.209 
1064 386.545 
1065 379.649 
1066 372.534 
1067 365.218 
1068 357.715 
1069 350.042 
1070 342.214 
1071 334.249 
1072 326.161 
1073 317.968 
1074 309.685 
1075 301.331 
1076 292.92 
1077 284.471 
1078 276 
1079 267.524 
1080 259.061 
1081 250.629 
1082 242.243 
1083 233.923 
1084 225.686 
1085 217.55 
1086 209.532 
1087 201.652 
1088 193.927 
1089 186.376 
1090 179.018 
1091 171.87 
1092 164.953 
1093 158.284 
1094 151.883 
1095 145.77 
1096 139.962 
1097 134.481 
1098 129.345 
1099 124.575 
1100 120.19 
1101 116.204 
1102 112.613 
1103 109.404 
1104 106.566 
1105 104.088 
1106 101.957 
1107 100.163 
1108 98.6921 
1109 97.534 
1110 96.6761 
1111 96.1062 
1112 95.8122 
1113 95.7817 
1114 96.0023 
1115 96.4614 
1116 97.1465 
1117 98.0448 
1118 99.1434 
1119 100.43 
1120 101.89 
1121 103.512 
1122 105.282 
1123 107.187 
1124 109.214 
1125 111.348 
1126 113.577 
1127 115.886 
1128 118.262 
1129 120.692 
1130 123.16 
1131 125.652 
1132 128.156 
1133 130.655 
1134 133.137 
1135 135.586 
1136 137.988 
1137 140.327 
1138 142.59 
1139 144.762 
1140 146.826 
1141 148.769 
1142 150.575 
1143 152.228 
1144 153.714 
1145 155.016 
1146 156.119 
1147 157.008 
1148 157.666 
1149 158.077 
1150 158.226 
1151 158.1 
1152 157.705 
1153 157.048 
1154 156.138 
1155 154.985 
1156 153.597 
1157 151.984 
1158 150.154 
1159 148.116 
1160 145.881 
1161 143.457 
1162 140.853 
1163 138.079 
1164 135.145 
1165 132.06 
1166 128.833 
1167 125.475 
1168 121.995 
1169 118.403 
1170 114.71 
1171 110.924 
1172 107.056 
1173 103.116 
1174 99.1153 
1175 95.0629 
1176 90.9694 
1177 86.8455 
1178 82.7015 
1179 78.5481 
1180 74.3958 
1181 70.2554 
1182 66.1377 
1183 62.0535 
1184 58.0138 
1185 54.0296 
1186 50.1119 
1187 46.2719 
1188 42.5207 
1189 38.8698 
1190 35.3305 
1191 31.9142 
1192 28.6324 
1193 25.4967 
1194 22.5189 
1195 19.7105 
1196 17.0835 
1197 14.6497 
1198 12.4211 
1199 10.4098 
1200 8.62774 
1201 7.0842 
1202 5.77622 
1203 4.69781 
1204 3.84293 
1205 3.20547 
1206 2.77931 
1207 2.55826 
1208 2.53609 
1209 2.70654 
1210 3.06328 
1211 3.59994 
1212 4.31011 
1213 5.18733 
1214 6.22508 
1215 7.41683 
1216 8.75595 
1217 10.2358 
1218 11.8497 
1219 13.5909 
1220 15.4526 
1221 17.428 
1222 19.5101 
1223 21.6921 
1224 23.967 
1225 26.3277 
1226 28.7671 
1227 31.2782 
1228 33.8538 
1229 36.4866 
1230 39.1693 
1231 41.8948 
1232 44.6554 
1233 47.444 
1234 50.253 
1235 53.0748 
1236 55.902 
1237 58.7268 
1238 61.5418 
1239 64.339 
1240 67.1109 
1241 69.8495 
1242 72.547 
1243 75.1955 
1244 77.7871 
1245 80.3137 
1246 82.7672 
1247 85.1397 
1248 87.4228 
1249 89.6084 
1250 91.6883 
1251 93.6558 
1252 95.5109 
1253 97.2554 
1254 98.891 
1255 100.419 
1256 101.843 
1257 103.162 
1258 104.38 
1259 105.497 
1260 106.517 
1261 107.44 
1262 108.268 
1263 109.004 
1264 109.65 
1265 110.206 
1266 110.675 
1267 111.059 
1268 111.361 
1269 111.581 
1270 111.721 
1271 111.785 
1272 111.773 
1273 111.688 
1274 111.532 
1275 111.306 
1276 111.014 
1277 110.656 
1278 110.235 
1279 109.753 
1280 109.213 
1281 108.615 
1282 107.964 
1283 107.259 
1284 106.505 
1285 105.702 
1286 104.853 
1287 103.961 
1288 103.027 
1289 102.054 
1290 101.044 
1291 99.9988 
1292 98.9214 
1293 97.8138 
1294 96.6784 
1295 95.5174 
1296 94.3332 
1297 93.1282 
1298 91.9046 
1299 90.665 
1300 89.4116 
1301 88.1467 
1302 86.8717 
1303 85.5879 
1304 84.2963 
1305 82.9984 
1306 81.6952 
1307 80.3881 
1308 79.0783 
1309 77.7671 
1310 76.4556 
1311 75.1453 
1312 73.8374 
1313 72.5331 
1314 71.2338 
1315 69.9408 
1316 68.6554 
1317 67.3788 
1318 66.1126 
1319 64.8579 
1320 63.6161 
1321 62.3886 
1322 61.1767 
1323 59.9819 
1324 58.8054 
1325 57.6487 
1326 56.5131 
1327 55.4001 
1328 54.3111 
1329 53.2474 
1330 52.2106 
1331 51.2019 
1332 50.223 
1333 49.2752 
1334 48.36 
1335 47.4788 
1336 46.6331 
1337 45.8245 
1338 45.0543 
1339 44.3241 
1340 43.6354 
1341 42.9897 
1342 42.3885 
1343 41.8334 
1344 41.3258 
1345 40.8674 
1346 40.4597 
1347 40.1042 
1348 39.8026 
1349 39.5563 
1350 39.3671 
1351 39.236 
1352 39.1633 
1353 39.1485 
1354 39.1912 
1355 39.2912 
1356 39.4481 
1357 39.6615 
1358 39.9312 
1359 40.2567 
1360 40.6377 
1361 41.0738 
1362 41.5647 
1363 42.11 
1364 42.7094 
1365 43.3625 
1366 44.0688 
1367 44.8281 
1368 45.64 
1369 46.5039 
1370 47.4197 
1371 48.3869 
1372 49.405 
1373 50.4737 
1374 51.5927 
1375 52.7614 
1376 53.9795 
1377 55.2466 
1378 56.5622 
1379 57.926 
1380 59.3375 
1381 60.7963 
1382 62.302 
1383 63.8542 
1384 65.4523 
1385 67.096 
1386 68.7849 
1387 70.5185 
1388 72.2963 
1389 74.1179 
1390 75.9829 
1391 77.8908 
1392 79.8411 
1393 81.8333 
1394 83.8671 
1395 85.9419 
1396 88.0573 
1397 90.2127 
1398 92.4078 
1399 94.642 
1400 96.9148 
1401 99.2253 
1402 101.571 
1403 103.948 
1404 106.354 
1405 108.786 
1406 111.24 
1407 113.713 
1408 116.202 
1409 118.703 
1410 121.214 
1411 123.73 
1412 126.249 
1413 128.768 
1414 131.283 
1415 133.79 
1416 136.286 
1417 138.768 
1418 141.233 
1419 143.676 
1420 146.095 
1421 148.486 
1422 150.845 
1423 153.169 
1424 155.455 
1425 157.698 
1426 159.895 
1427 162.044 
1428 164.139 
1429 166.177 
1430 168.155 
1431 170.069 
1432 171.916 
1433 173.69 
1434 175.39 
1435 177.011 
1436 178.549 
1437 180.001 
1438 181.362 
1439 182.629 
1440 183.798 
1441 184.865 
1442 185.827 
1443 186.678 
1444 187.416 
1445 188.037 
1446 188.535 
1447 188.908 
1448 189.152 
1449 189.262 
1450 189.234 
1451 189.066 
1452 188.759 
1453 188.317 
1454 187.743 
1455 187.04 
1456 186.213 
1457 185.264 
1458 184.196 
1459 183.014 
1460 181.72 
1461 180.318 
1462 178.812 
1463 177.205 
1464 175.501 
1465 173.703 
1466 171.814 
1467 169.839 
1468 167.781 
1469 165.644 
1470 163.431 
1471 161.146 
1472 158.793 
1473 156.376 
1474 153.897 
1475 151.362 
1476 148.773 
1477 146.135 
1478 143.452 
1479 140.727 
1480 137.964 
1481 135.167 
1482 132.34 
1483 129.488 
1484 126.613 
1485 123.72 
1486 120.813 
1487 117.896 
1488 114.973 
1489 112.049 
1490 109.126 
1491 106.21 
1492 103.305 
1493 100.414 
1494 97.5418 
1495 94.6929 
1496 91.8713 
1497 89.0812 
1498 86.327 
1499 83.6129 
1500 80.9433 
1501 78.3219 
1502 75.75 
1503 73.2283 
1504 70.7575 
1505 68.3385 
1506 65.9718 
1507 63.6582 
1508 61.3984 
1509 59.1932 
1510 57.0433 
1511 54.9494 
1512 52.9123 
1513 50.9327 
1514 49.0113 
1515 47.1489 
1516 45.3463 
1517 43.6042 
1518 41.9233 
1519 40.3044 
1520 38.7483 
1521 37.2558 
1522 35.8276 
1523 34.4644 
1524 33.1671 
1525 31.9364 
1526 30.7732 
1527 29.6781 
1528 28.652 
1529 27.6957 
1530 26.8099 
1531 25.9955 
1532 25.2532 
1533 24.5839 
1534 23.9884 
1535 23.4674 
1536 23.0218 
1537 22.6524 
1538 22.36 
1539 22.1454 
1540 22.0095 
1541 21.9531 
1542 21.9769 
1543 22.0819 
1544 22.2688 
1545 22.5386 
1546 22.892 
1547 23.3299 
1548 23.8532 
1549 24.4626 
1550 25.1591 
1551 25.9437 
1552 26.8182 
1553 27.7846 
1554 28.8449 
1555 30.0013 
1556 31.2556 
1557 32.61 
1558 34.0666 
1559 35.6273 
1560 37.2944 
1561 39.0698 
1562 40.9556 
1563 42.954 
1564 45.0671 
1565 47.297 
1566 49.6458 
1567 52.1157 
1568 54.7089 
1569 57.4274 
1570 60.2735 
1571 63.2493 
1572 66.3571 
1573 69.599 
1574 72.9772 
1575 76.494 
1576 80.1515 
1577 83.9521 
1578 87.8979 
1579 91.9912 
1580 96.2343 
1581 100.629 
1582 105.179 
1583 109.885 
1584 114.75 
1585 119.776 
1586 124.966 
1587 130.322 
1588 135.846 
1589 141.54 
1590 147.408 
1591 153.45 
1592 159.671 
1593 166.071 
1594 172.654 
1595 179.422 
1596 186.377 
1597 193.522 
1598 200.858 
1599 208.39 
1600 216.118 
1601 224.044 
1602 232.153 
1603 240.431 
1604 248.862 
1605 257.431 
1606 266.122 
1607 274.919 
1608 283.806 
1609 292.768 
1610 301.789 
1611 310.852 
1612 319.941 
1613 329.04 
1614 338.134 
1615 347.204 
1616 356.236 
1617 365.212 
1618 374.115 
1619 382.93 
1620 391.639 
1621 400.226 
1622 408.673 
1623 416.963 
1624 425.08 
1625 433.006 
1626 440.723 
1627 448.215 
1628 455.465 
1629 462.453 
1630 469.164 
1631 475.578 
1632 481.679 
1633 487.449 
1634 492.869 
1635 497.922 
1636 502.589 
1637 506.852 
1638 510.694 
1639 514.095 
1640 517.037 
1641 519.502 
1642 521.471 
1643 522.925 
1644 523.846 
1645 524.215 
1646 524.012 
1647 523.219 
1648 521.817 
1649 519.786 
1650 517.107 
1651 513.769 
1652 509.788 
1653 505.19 
1654 500.001 
1655 494.247 
1656 487.952 
1657 481.143 
1658 473.846 
1659 466.086 
1660 457.89 
1661 449.285 
1662 440.297 
1663 430.951 
1664 421.276 
1665 411.299 
1666 401.045 
1667 390.542 
1668 379.818 
1669 368.9 
1670 357.815 
1671 346.591 
1672 335.257 
1673 323.839 
1674 312.366 
1675 300.866 
1676 289.368 
1677 277.9 
1678 266.491 
1679 255.169 
1680 243.964 
1681 232.903 
1682 222.018 
1683 211.336 
1684 200.888 
1685 190.702 
1686 180.81 
1687 171.239 
1688 162.021 
1689 153.186 
1690 144.764 
1691 136.784 
1692 129.279 
1693 122.278 
1694 115.813 
1695 109.914 
1696 104.612 
1697 99.9394 
1698 95.9265 
1699 92.6051 
1700 90.007 
1701 88.1544 
1702 87.0314 
1703 86.6125 
1704 86.872 
1705 87.7841 
1706 89.323 
1707 91.4624 
1708 94.1764 
1709 97.4385 
1710 101.222 
1711 105.501 
1712 110.249 
1713 115.437 
1714 121.041 
1715 127.032 
1716 133.384 
1717 140.068 
1718 147.058 
1719 154.325 
1720 161.843 
1721 169.583 
1722 177.517 
1723 185.617 
1724 193.855 
1725 202.202 
1726 210.63 
1727 219.11 
1728 227.613 
1729 236.111 
1730 244.574 
1731 252.972 
1732 261.278 
1733 269.46 
1734 277.49 
1735 285.338 
1736 292.974 
1737 300.367 
1738 307.488 
1739 314.307 
1740 320.792 
1741 326.914 
1742 332.641 
1743 337.943 
1744 342.789 
1745 347.147 
1746 350.987 
1747 354.277 
1748 356.986 
1749 359.081 
1750 360.531 
1751 361.313 
1752 361.438 
1753 360.925 
1754 359.795 
1755 358.066 
1756 355.761 
1757 352.898 
1758 349.497 
1759 345.58 
1760 341.166 
1761 336.277 
1762 330.932 
1763 325.153 
1764 318.961 
1765 312.376 
1766 305.419 
1767 298.112 
1768 290.476 
1769 282.532 
1770 274.301 
1771 265.806 
1772 257.068 
1773 248.108 
1774 238.949 
1775 229.612 
1776 220.12 
1777 210.494 
1778 200.758 
1779 190.932 
1780 181.04 
1781 171.105 
1782 161.148 
1783 151.193 
1784 141.263 
1785 131.38 
1786 121.568 
1787 111.85 
1788 102.248 
1789 92.7877 
1790 83.491 
1791 74.3817 
1792 65.4837 
1793 56.8208 
1794 48.4168 
1795 40.2957 
1796 32.4817 
1797 24.9989 
1798 17.8717 
1799 11.1245 
1800 4.78182 
1801 -1.13742 
1802 -6.63717 
1803 -11.7271 
1804 -16.417 
1805 -20.7167 
1806 -24.6359 
1807 -28.1845 
1808 -31.3726 
1809 -34.2101 
1810 -36.7069 
1811 -38.8733 
1812 -40.7192 
1813 -42.255 
1814 -43.4907 
1815 -44.4368 
1816 -45.1035 
1817 -45.5011 
1818 -45.6402 
1819 -45.5311 
1820 -45.1844 
1821 -44.6106 
1822 -43.8204 
1823 -42.8244 
1824 -41.6334 
1825 -40.258 
1826 -38.7092 
1827 -36.9978 
1828 -35.1346 
1829 -33.1306 
1830 -30.9969 
1831 -28.7446 
1832 -26.3846 
1833 -23.9282 
1834 -21.3865 
1835 -18.771 
1836 -16.0927 
1837 -13.3632 
1838 -10.5937 
1839 -7.79584 
1840 -4.98104 
1841 -2.16087 
1842 0.653056 
1843 3.44909 
1844 6.21551 
1845 8.94057 
1846 11.6124 
1847 14.2193 
1848 16.7492 
1849 19.1901 
1850 21.5302 
1851 23.7596 
1852 25.8781 
1853 27.8877 
1854 29.7905 
1855 31.5887 
1856 33.2843 
1857 34.8794 
1858 36.3761 
1859 37.7767 
1860 39.0831 
1861 40.2976 
1862 41.4224 
1863 42.4596 
1864 43.4113 
1865 44.2799 
1866 45.0674 
1867 45.7762 
1868 46.4084 
1869 46.9662 
1870 47.4519 
1871 47.8678 
1872 48.2162 
1873 48.4992 
1874 48.7192 
1875 48.8785 
1876 48.9794 
1877 49.0243 
1878 49.0153 
1879 48.955 
1880 48.8455 
1881 48.6894 
1882 48.4889 
1883 48.2465 
1884 47.9645 
1885 47.6453 
1886 47.2914 
1887 46.9051 
1888 46.489 
1889 46.0454 
1890 45.5768 
1891 45.0856 
1892 44.5744 
1893 44.0457 
1894 43.5019 
1895 42.9455 
1896 42.3791 
1897 41.8051 
1898 41.2262 
1899 40.6449 
1900 40.0638 
1901 39.4849 
1902 38.909 
1903 38.3362 
1904 37.7669 
1905 37.2011 
1906 36.6392 
1907 36.0814 
1908 35.5278 
1909 34.9787 
1910 34.4344 
1911 33.8951 
1912 33.361 
1913 32.8323 
1914 32.3093 
1915 31.7922 
1916 31.2813 
1917 30.7767 
1918 30.2787 
1919 29.7876 
1920 29.3035 
1921 28.8268 
1922 28.3577 
1923 27.8963 
1924 27.443 
1925 26.998 
1926 26.5616 
1927 26.1339 
1928 25.7152 
1929 25.3059 
1930 24.906 
1931 24.5159 
1932 24.1358 
1933 23.766 
1934 23.4067 
1935 23.0582 
1936 22.7207 
1937 22.3945 
1938 22.0798 
1939 21.7769 
1940 21.4861 
1941 21.2075 
1942 20.9415 
1943 20.6884 
1944 20.4483 
1945 20.2216 
1946 20.0084 
1947 19.8092 
1948 19.624 
1949 19.4533 
1950 19.2973 
1951 19.156 
1952 19.0295 
1953 18.9174 
1954 18.8194 
1955 18.7353 
1956 18.6648 
1957 18.6077 
1958 18.5637 
1959 18.5325 
1960 18.5139 
1961 18.5075 
1962 18.5132 
1963 18.5306 
1964 18.5595 
1965 18.5996 
1966 18.6506 
1967 18.7122 
1968 18.7842 
1969 18.8662 
1970 18.9581 
1971 19.0595 
1972 19.1701 
1973 19.2896 
1974 19.4179 
1975 19.5545 
1976 19.6991 
1977 19.8516 
1978 20.0116 
1979 20.1788 
1980 20.3529 
1981 20.5336 
1982 20.7207 
1983 20.9138 
1984 21.1126 
1985 21.3169 
1986 21.5263 
1987 21.7405 
1988 21.9592 
1989 22.1822 
1990 22.4091 
1991 22.6395 
1992 22.8733 
1993 23.1101 
1994 23.3495 
1995 23.5913 
1996 23.8352 
1997 24.0807 
1998 24.3277 
1999 24.5758 
2000 24.8247 
