-10 0 2.31736e-09 9795.61 -8195.71 4.51162e-28 2.40921e-27 6.58565e-14 7.18352e-36 4.96934e-36 0 
-9.89899 3225.16 1.58694e+10 9006.89 -7434.06 8.84274e-28 4.72202e-27 9.53342e-14 1.55761e-35 1.07751e-35 0 
-9.79798 6730.69 3.49516e+10 8291.27 -6746.85 1.72916e-27 9.23369e-27 1.37687e-13 3.36958e-35 2.33097e-35 0 
-9.69697 10536.5 5.787e+10 7641.62 -6126.9 3.37323e-27 1.80131e-26 1.98381e-13 7.27203e-35 5.03056e-35 0 
-9.59596 14663.3 8.53627e+10 7051.47 -5567.69 6.56445e-27 3.50542e-26 2.85133e-13 1.56558e-34 1.08302e-34 0 
-9.49495 19132.7 1.18302e+11 6514.99 -5063.32 1.2743e-26 6.80475e-26 4.08804e-13 3.36215e-34 2.32583e-34 0 
-9.39394 23967 1.57717e+11 6026.91 -4608.45 2.46746e-26 1.31762e-25 5.84641e-13 7.20216e-34 4.98223e-34 0 
-9.29293 29189.5 2.04822e+11 5582.49 -4198.23 4.76567e-26 2.54487e-25 8.33988e-13 1.53888e-33 1.06455e-33 0 
-9.19192 34824.1 2.61046e+11 5177.43 -3828.27 9.18104e-26 4.90267e-25 1.18665e-12 3.27976e-33 2.26883e-33 0 
-9.09091 40895.6 3.28068e+11 4807.88 -3494.6 1.76423e-25 9.42096e-25 1.68415e-12 6.97224e-33 4.82318e-33 0 
-8.9899 47429.6 4.0786e+11 4470.35 -3193.62 3.38157e-25 1.80576e-24 2.38419e-12 1.47844e-32 1.02274e-32 0 
-8.88889 54452.5 5.02738e+11 4161.71 -2922.06 6.46544e-25 3.45254e-24 3.36679e-12 3.12718e-32 2.16328e-32 0 
-8.78788 61991.5 6.15412e+11 3879.15 -2676.97 1.23314e-24 6.58494e-24 4.74269e-12 6.59832e-32 4.56451e-32 0 
-8.68687 70074.8 7.49059e+11 3620.11 -2455.68 2.34628e-24 1.25291e-23 6.66483e-12 1.3889e-31 9.60796e-32 0 
-8.58586 78731.2 9.07395e+11 3382.33 -2255.77 4.45382e-24 2.37834e-23 9.34409e-12 2.9167e-31 2.01768e-31 0 
-8.48485 87990.9 1.09476e+12 3163.75 -2075.08 8.43528e-24 4.50444e-23 1.30707e-11 6.1112e-31 4.22754e-31 0 
-8.38384 97884.9 1.31624e+12 2962.54 -1911.62 1.5941e-23 8.51251e-23 1.82437e-11 1.27765e-30 8.83838e-31 0 
-8.28283 108445 1.57776e+12 2777.05 -1763.64 3.00622e-23 1.60532e-22 2.54104e-11 2.66553e-30 1.84393e-30 0 
-8.18182 119705 1.88624e+12 2605.78 -1629.54 5.65783e-23 3.02128e-22 3.53214e-11 5.54985e-30 3.83921e-30 0 
-8.08081 131699 2.24976e+12 2447.43 -1507.88 1.06279e-22 5.6753e-22 4.90039e-11 1.15331e-29 7.97826e-30 0 
-7.9798 144463 2.67774e+12 2300.79 -1397.38 1.99276e-22 1.06414e-21 6.78632e-11 2.39234e-29 1.65495e-29 0 
-7.87879 158035 3.18115e+12 2164.79 -1296.88 3.73006e-22 1.99185e-21 9.38189e-11 4.95395e-29 3.42699e-29 0 
-7.77778 172453 3.77281e+12 2038.49 -1205.35 6.97065e-22 3.72232e-21 1.29492e-10 1.02418e-28 7.08497e-29 0 
-7.67677 187759 4.46763e+12 1921.02 -1121.87 1.30067e-21 6.94559e-21 1.78457e-10 2.11417e-28 1.46252e-28 0 
-7.57576 203995 5.28301e+12 1811.61 -1045.61 2.4235e-21 1.29415e-20 2.45587e-10 4.35797e-28 3.01471e-28 0 
-7.47475 221206 6.23921e+12 1709.56 -975.836 4.50963e-21 2.40814e-20 3.37519e-10 8.97117e-28 6.20598e-28 0 
-7.37374 239438 7.35981e+12 1614.27 -911.885 8.38107e-21 4.47549e-20 4.63289e-10 1.84449e-27 1.27596e-27 0 
-7.27273 258740 8.67231e+12 1525.17 -853.173 1.55581e-20 8.30804e-20 6.35192e-10 3.78793e-27 2.62037e-27 0 
-7.17172 279165 1.02087e+13 1441.75 -799.177 2.88504e-20 1.54061e-19 8.69951e-10 7.77077e-27 5.37557e-27 0 
-7.07071 300766 1.20063e+13 1363.58 -749.433 5.34461e-20 2.85402e-19 1.1903e-09 1.59256e-26 1.10169e-26 0 
-6.9697 323600 1.41085e+13 1290.22 -703.526 9.89201e-20 5.28233e-19 1.62712e-09 3.26087e-26 2.25577e-26 0 
-6.86869 347727 1.65657e+13 1221.33 -661.087 1.82931e-19 9.76853e-19 2.22238e-09 6.67122e-26 4.61494e-26 0 
-6.76768 373210 1.94369e+13 1156.57 -621.788 3.3803e-19 1.80508e-18 3.03306e-09 1.36377e-25 9.43413e-26 0 
-6.66667 400116 2.27906e+13 1095.62 -585.336 6.24187e-19 3.33316e-18 4.13653e-09 2.78592e-25 1.92721e-25 0 
-6.56566 428512 2.67064e+13 1038.23 -551.47 1.15184e-18 6.15081e-18 5.63778e-09 5.68738e-25 3.93436e-25 0 
-6.46465 458475 3.12772e+13 984.135 -519.957 2.12426e-18 1.13436e-17 7.67929e-09 1.16037e-24 8.02711e-25 0 
-6.36364 490079 3.66109e+13 933.115 -490.592 3.91551e-18 2.09088e-17 1.04544e-08 2.36617e-24 1.63684e-24 0 
-6.26263 523408 4.28334e+13 884.96 -463.186 7.2136e-18 3.85206e-17 1.42251e-08 4.82256e-24 3.3361e-24 0 
-6.16162 558546 5.00911e+13 839.481 -437.576 1.32837e-17 7.09348e-17 1.93472e-08 9.82453e-24 6.79631e-24 0 
-6.06061 595583 5.85541e+13 796.505 -413.612 2.44514e-17 1.3057e-16 2.63026e-08 2.00062e-23 1.38397e-23 0 
-5.9596 634616 6.84209e+13 755.872 -391.16 4.49909e-17 2.40251e-16 3.5745e-08 4.07244e-23 2.81719e-23 0 
-5.85859 675742 7.99221e+13 717.436 -370.102 8.27553e-17 4.41913e-16 4.85604e-08 8.28693e-23 5.73264e-23 0 
-5.75758 719069 9.33264e+13 681.061 -350.329 1.52171e-16 8.12591e-16 6.59497e-08 1.68576e-22 1.16616e-22 0 
-5.65657 764706 1.08946e+14 646.623 -331.744 2.79732e-16 1.49377e-15 8.95404e-08 3.42828e-22 2.37158e-22 0 
-5.55556 812771 1.27145e+14 614.005 -314.259 5.14091e-16 2.74525e-15 1.21538e-07 6.97016e-22 4.82174e-22 0 
-5.45455 863386 1.48347e+14 583.102 -297.794 9.44574e-16 5.04403e-15 1.64932e-07 1.41679e-21 9.80094e-22 0 
-5.35354 916681 1.73044e+14 553.813 -282.277 1.73516e-15 9.26575e-15 2.23771e-07 2.87924e-21 1.99177e-21 0 
-5.25253 972791 2.01809e+14 526.046 -267.643 3.18682e-15 1.70176e-14 3.03541e-07 5.85012e-21 4.04693e-21 0 
-5.15152 1.03186e+06 2.3531e+14 499.716 -253.831 5.85195e-15 3.12494e-14 4.11676e-07 1.18843e-20 8.22122e-21 0 
-5.05051 1.09404e+06 2.74323e+14 474.741 -240.788 1.07442e-14 5.73739e-14 5.58244e-07 2.41388e-20 1.66985e-20 0 
-4.94949 1.15949e+06 3.19751e+14 451.048 -228.463 1.97235e-14 1.05323e-13 7.56885e-07 4.90224e-20 3.39122e-20 0 
-4.84848 1.22837e+06 3.72646e+14 428.565 -216.809 3.62023e-14 1.9332e-13 1.02607e-06 9.9544e-20 6.88615e-20 0 
-4.74747 1.30087e+06 4.3423e+14 407.227 -205.786 6.64411e-14 3.54796e-13 1.39083e-06 2.02108e-19 1.39812e-19 0 
-4.64646 1.37716e+06 5.05929e+14 386.972 -195.354 1.21925e-13 6.51077e-13 1.88506e-06 4.10305e-19 2.83836e-19 0 
-4.54545 1.45744e+06 5.89397e+14 367.743 -185.477 2.23719e-13 1.19466e-12 2.55465e-06 8.32888e-19 5.76166e-19 0 
-4.44444 1.54192e+06 6.86564e+14 349.484 -176.122 4.10465e-13 2.19188e-12 3.46179e-06 1.69055e-18 1.16947e-18 0 
-4.34343 1.63081e+06 7.99672e+14 332.146 -167.258 7.53033e-13 4.0212e-12 4.69067e-06 3.43111e-18 2.37353e-18 0 
-4.24242 1.72434e+06 9.31331e+14 315.679 -158.858 1.3814e-12 7.3767e-12 6.35531e-06 6.9632e-18 4.81693e-18 0 
-4.14141 1.82275e+06 1.08458e+15 300.039 -150.893 2.53395e-12 1.35313e-11 8.61014e-06 1.41304e-17 9.77498e-18 0 
-4.0404 1.92628e+06 1.26295e+15 285.182 -143.34 4.64783e-12 2.48194e-11 1.16643e-05 2.86731e-17 1.98352e-17 0 
-3.93939 2.03521e+06 1.47056e+15 271.068 -136.176 8.52468e-12 4.55218e-11 1.58009e-05 5.81796e-17 4.02468e-17 0 
-3.83838 2.1498e+06 1.71219e+15 257.659 -129.379 1.56345e-11 8.34883e-11 2.14034e-05 1.18044e-16 8.16594e-17 0 
-3.73737 2.27036e+06 1.9934e+15 244.919 -122.928 2.86728e-11 1.53113e-10 2.89911e-05 2.39496e-16 1.65676e-16 0 
-3.63636 2.39719e+06 2.32069e+15 232.814 -116.805 5.25821e-11 2.80788e-10 3.9267e-05 4.85887e-16 3.36121e-16 0 
-3.53535 2.53061e+06 2.70159e+15 221.312 -110.992 9.64247e-11 5.14908e-10 5.31831e-05 9.8572e-16 6.8189e-16 0 
-3.43434 2.67097e+06 3.14487e+15 210.382 -105.472 1.76816e-10 9.44199e-10 7.20284e-05 1.99966e-15 1.3833e-15 0 
-3.33333 2.81861e+06 3.66073e+15 199.995 -100.23 3.24221e-10 1.73134e-09 9.75478e-05 4.05641e-15 2.8061e-15 0 
-3.23232 2.97392e+06 4.26106e+15 190.124 -95.2493 5.94489e-10 3.17457e-09 0.000132104 8.22836e-15 5.69213e-15 0 
-3.13131 3.1373e+06 4.95967e+15 180.744 -90.5168 1.09001e-09 5.82066e-09 0.000178895 1.66905e-14 1.1546e-14 0 
-3.0303 3.30915e+06 5.77264e+15 171.83 -86.0187 1.99849e-09 1.06719e-08 0.000242251 3.38538e-14 2.3419e-14 0 
-2.92929 3.48991e+06 6.71866e+15 163.359 -81.742 3.66399e-09 1.95657e-08 0.000328029 6.86638e-14 4.74995e-14 0 
-2.82828 3.68005e+06 7.81948e+15 155.31 -77.674 6.71715e-09 3.58696e-08 0.00044416 1.3926e-13 9.63359e-14 0 
-2.72727 3.88003e+06 9.10042e+15 147.661 -73.8027 1.23138e-08 6.57556e-08 0.00060137 2.82424e-13 1.95372e-13 0 
-2.62626 4.09037e+06 1.05909e+16 140.394 -70.116 2.25719e-08 1.20534e-07 0.000814167 5.72724e-13 3.96193e-13 0 
-2.52525 4.3116e+06 1.23251e+16 133.49 -66.6023 4.13718e-08 2.20926e-07 0.00110216 1.16132e-12 8.03364e-13 0 
-2.42424 4.54426e+06 1.43427e+16 126.933 -63.2495 7.58216e-08 4.04887e-07 0.00149187 2.35455e-12 1.6288e-12 0 
-2.32323 4.78893e+06 1.66901e+16 120.707 -60.0457 1.38937e-07 7.41921e-07 0.00201906 4.77308e-12 3.30187e-12 0 
-2.22222 5.04621e+06 1.94207e+16 114.798 -56.9781 2.54539e-07 1.35924e-06 0.00273201 9.67399e-12 6.69216e-12 0 
-2.12121 5.31671e+06 2.25969e+16 109.193 -54.0334 4.66208e-07 2.48955e-06 0.00369576 1.96019e-11 1.356e-11 0 
-2.0202 5.60107e+06 2.62907e+16 103.879 -51.1971 8.53597e-07 4.55821e-06 0.00499773 3.97045e-11 2.74664e-11 0 
-1.91919 5.89995e+06 3.05857e+16 98.8467 -48.453 1.56215e-06 8.34189e-06 0.00675521 8.03857e-11 5.56083e-11 0 
-1.81818 6.214e+06 3.55784e+16 94.0878 -45.7829 2.85707e-06 1.52568e-05 0.00912498 1.62646e-10 1.12514e-10 0 
-1.71717 6.54387e+06 4.13798e+16 89.5958 -43.1658 5.221e-06 2.78801e-05 0.0123157 3.2881e-10 2.2746e-10 0 
-1.61616 6.89017e+06 4.81178e+16 85.3665 -40.5769 9.53003e-06 5.08904e-05 0.0166034 6.63979e-10 4.5932e-10 0 
-1.51515 7.25351e+06 5.59384e+16 81.3984 -37.9873 1.73691e-05 9.27511e-05 0.0223499 1.33877e-09 9.26118e-10 0 
-1.41414 7.63437e+06 6.50075e+16 77.6935 -35.3622 3.15923e-05 0.000168703 0.0300244 2.69387e-09 1.86354e-09 0 
-1.31313 8.03313e+06 7.5512e+16 74.2571 -32.6604 5.73079e-05 0.000306024 0.0402257 5.40603e-09 3.73973e-09 0 
-1.21212 8.45e+06 8.76602e+16 71.0996 -29.8332 0.000103585 0.000553144 0.0537009 1.08101e-08 7.47809e-09 0 
-1.11111 8.88488e+06 1.0168e+17 68.2364 -26.8237 0.000186355 0.000995135 0.0713544 2.1515e-08 1.48834e-08 0 
-1.0101 9.33734e+06 1.17817e+17 65.689 -23.567 0.000333218 0.00177938 0.0942331 4.25595e-08 2.94413e-08 0 
-0.909091 9.80646e+06 1.36326e+17 63.4861 -19.9914 0.000591149 0.00315673 0.123472 8.35282e-08 5.77822e-08 0 
-0.808081 1.02907e+07 1.5746e+17 61.6636 -16.0215 0.00103833 0.0055447 0.160178 1.62308e-07 1.1228e-07 0 
-0.707071 1.07877e+07 1.81459e+17 60.2652 -11.5838 0.00180137 0.0096193 0.205241 3.11512e-07 2.15494e-07 0 
-0.606061 1.12945e+07 2.08523e+17 59.3414 -6.61403 0.00307865 0.01644 0.259071 5.88981e-07 4.07439e-07 0 
-0.505051 1.18069e+07 2.38798e+17 58.9485 -1.06622 0.00516977 0.0276065 0.32131 1.09416e-06 7.56904e-07 0 
-0.40404 1.23202e+07 2.72345e+17 59.1462 5.0798 0.0085095 0.0454407 0.390619 1.99242e-06 1.37829e-06 0 
-0.30303 1.2829e+07 3.09133e+17 59.9946 11.8147 0.0137048 0.0731838 0.464642 3.54992e-06 2.45573e-06 0 
-0.20202 1.33278e+07 3.49025e+17 61.5516 19.103 0.0215754 0.115213 0.540256 6.18262e-06 4.27695e-06 0 
-0.10101 1.38112e+07 3.91793e+17 63.8707 26.8942 0.0332029 0.177303 0.614061 1.05258e-05 7.28145e-06 0 
0 1.42746e+07 4.37137e+17 67 35.1375 0.05 0.267 0.68297 1.75356e-05 1.21306e-05 0 
