#          chi2            h           OmegaM           OmegaK               Acceptrate
        60029.4         1.42194        0.247404       -0.845223 
        60029.4         1.42057        0.243475       -0.808685 
        60029.4         1.42502        0.282243       -0.798665 
        60029.4         1.43631        0.357992       -0.852647 
        60029.4         1.45153        0.390203       -0.909794 
        60029.4         1.46378        0.447897       -0.876401 
        60029.4         1.44663        0.453353        -0.90905 
        60029.4         1.44044        0.449698        -0.92159 
        60029.4         1.44622        0.427805       -0.849292 
        60029.4         1.43751        0.374749       -0.812527 
        60029.4         1.43237        0.425584        -0.90804 
        60029.4         1.44053        0.471221       -0.899558 
        60029.4         1.43164        0.565531       -0.933354 
        60029.4          1.4237        0.557902       -0.911433 
        60029.4         1.42738        0.515814        -0.91997 
        60029.4         1.42674        0.489893       -0.848161 
        60029.4          1.4187        0.499706       -0.847801 
        60029.4         1.41075         0.52783       -0.955948 
        60029.4         1.41534        0.521571       -0.941618 
        60029.4         1.41078        0.491373       -0.940831 
        60029.4         1.41436         0.39653       -0.840656 
        60029.4         1.41103        0.357002       -0.858515 
        60029.4         1.40258        0.340324         -0.8819 
        60029.4         1.40592        0.338419       -0.917554 
        60029.4         1.41563        0.363136       -0.999966 
        60029.4         1.42108        0.333331       -0.969929 
        60029.4         1.42551        0.329227       -0.973196 
        60029.4         1.43566        0.428827       -0.810532 
        60029.4         1.43995        0.478169       -0.852811 
        60029.4          1.4462        0.577894       -0.845738 
        60029.4         1.44601        0.600113       -0.891823 
        60029.4         1.44901        0.628202       -0.940553 
        60029.4         1.44519        0.560963       -0.884948 
        60029.4         1.44643        0.626602       -0.922891 
        60029.4         1.45124        0.625288       -0.805333 
        60029.4         1.46679         0.62238       -0.747601 
        60029.4         1.45404        0.537198       -0.747513 
        60029.4         1.45736        0.511554       -0.657065 
        60029.4         1.45687        0.433435       -0.614808 
        60029.4         1.47635        0.344109       -0.607958 
        60029.4         1.46953        0.374658       -0.580794 
        60029.4          1.4604        0.415212       -0.631394 
        60029.4         1.46166        0.445268       -0.651868 
        60029.4         1.45059        0.504822       -0.716475 
        60029.4         1.46181        0.455323       -0.662905 
        60029.4         1.46394        0.518034       -0.678264 
        60029.4         1.47159        0.465136       -0.680049 
        60029.4         1.48027        0.517666        -0.81783 
        60029.4         1.47362        0.610648         -0.8326 
        60029.4         1.46576        0.605828       -0.776474 
        60029.4         1.47697        0.642626       -0.758224 
        60029.4         1.47637        0.605789        -0.74753 
        60029.4         1.47648         0.57484       -0.822463 
        60029.4         1.47725        0.587409       -0.772364 
        60029.4          1.4754        0.550126       -0.744174 
        60029.4         1.46196        0.565555       -0.789379 
        60029.4         1.45419        0.539627       -0.778424 
        60029.4         1.45137        0.528315       -0.754902 
        60029.4         1.44802         0.44764       -0.728523 
        60029.4         1.44463        0.475623       -0.777218 
        60029.4         1.44906        0.524231       -0.772837 
        60029.4         1.46074         0.49628       -0.833824 
        60029.4         1.46971        0.572787       -0.871081 
        60029.4         1.47381        0.594394       -0.841664 
        60029.4         1.46798        0.626607       -0.948037 
        60029.4         1.46522        0.571442       -0.984094 
        60029.4         1.45862        0.491332       -0.934296 
        60029.4         1.45835        0.514703       -0.914559 
        60029.4         1.46041        0.585126       -0.852067 
        60029.4         1.44559        0.616122       -0.824532 
        60029.4         1.44257        0.521262       -0.823739 
        60029.4         1.44369         0.45355       -0.789153 
        60029.4         1.43593        0.381578       -0.789178 
        60029.4          1.4459        0.425091       -0.784929 
        60029.4         1.45106        0.434145       -0.879874 
        60029.4         1.45982        0.429972       -0.861542 
        60029.4         1.45177        0.430228       -0.878662 
        60029.4         1.43608        0.449939       -0.913322 
        60029.4         1.43705        0.468662       -0.894038 
        60029.4         1.44128        0.484227       -0.859469 
        60029.4         1.45391        0.555664       -0.841799 
        60029.4         1.44607        0.523967        -0.82109 
        60029.4         1.44301        0.557115       -0.752042 
        60029.4         1.44294        0.493764       -0.775504 
        60029.4         1.43811        0.496701       -0.850853 
        60029.4         1.43723         0.43474       -0.785335 
        60029.4         1.44841        0.465357       -0.839302 
        60029.4         1.43761        0.411984       -0.678857 
        60029.4         1.44185        0.468811       -0.636787 
        60029.4         1.44387         0.46155       -0.646288 
        60029.4         1.44855        0.396722       -0.644755 
        60029.4         1.44896        0.406853       -0.607072 
        60029.4         1.44816        0.451591       -0.497484 
        60029.4         1.44151        0.427097       -0.434825 
        60029.4         1.43682        0.348855       -0.436781 
        60029.4         1.44191        0.356684       -0.379644 
        60029.4         1.44469        0.344235         -0.4074 
        60029.4         1.45101        0.364051       -0.462525 
        60029.4         1.44912        0.391698       -0.532158 
        60029.4         1.44475        0.358145       -0.501347 
        60029.4         1.43298        0.352321       -0.561594 
        60029.4         1.42736        0.413357       -0.610182 
        60029.4         1.42053        0.458906       -0.672835 
        60029.4         1.41127        0.412145       -0.639024 
        60029.4         1.41163        0.447674       -0.649589 
        60029.4         1.41445        0.473236       -0.621629 
        60029.4         1.41623        0.468536       -0.593428 
        60029.4         1.42138        0.396687       -0.566775 
        60029.4         1.42035        0.466769       -0.567149 
        60029.4         1.42235        0.379064       -0.597438 
        60029.4         1.41303        0.327759       -0.616287 
        60029.4          1.4089        0.254394       -0.666448 
        60029.4         1.41133        0.220396       -0.604334 
        60029.4         1.41339        0.226556       -0.586816 
        60029.4         1.41435        0.255953       -0.606292 
        60029.4          1.4111        0.219821        -0.63533 
        60029.4         1.40164        0.238656       -0.645353 
        60029.4         1.41345        0.251628       -0.681215 
        60029.4         1.40032        0.302802       -0.679109 
        60029.4         1.40536        0.328379       -0.573788 
        60029.4         1.41277         0.33881       -0.618148 
        60029.4         1.41388        0.287023       -0.590008 
        60029.4         1.40763        0.247812       -0.618079 
        60029.4         1.39527        0.243174       -0.576651 
        60029.4         1.38723        0.226